383000
383001
383002
383003
383004
383005
383006
383007
383008
383009
383010
383011
383012
383013
383014
383015
383016
383017
383018
383019
383020
383021
383022
383023
383024
383025
383026
383027
383028
383029
383030
383031
383032
383033
383034
383035
383036
383037
383038
383039
383040
383041
383042
383043
383044
383045
383046
383047
383048
383049
383050
383051
383052
383053
383054
383055
383056
383057
383058
383059
383060
383061
383062
383063
383064
383065
383066
383067
383068
383069
383070
383071
383072
383073
383074
383075
383076
383077
383078
383079
383080
383081
383082
383083
383084
383085
383086
383087
383088
383089
383090
383091
383092
383093
383094
383095
383096
383097
383098
383099
383100
